{
 "cells": [
  {
   "cell_type": "code",
   "execution_count": 1,
   "metadata": {},
   "outputs": [],
   "source": [
    "#!pip install tsp\n",
    "#Dominik Jagoda\n",
    "#Algorytmy Ewolucyjne Inżynieria Danych III rok"
   ]
  },
  {
   "cell_type": "code",
   "execution_count": 2,
   "metadata": {},
   "outputs": [],
   "source": [
    "import tsp\n",
    "import numpy as np\n",
    "#import matplotlib.pyplot as plt\n",
    "import time"
   ]
  },
  {
   "cell_type": "code",
   "execution_count": 3,
   "metadata": {},
   "outputs": [],
   "source": [
    "#DANE\n",
    "#https://dateandtime.info/pl/citycoordinates.php?id=3094802\n",
    "#https://www.wspolrzedne-gps.pl"
   ]
  },
  {
   "cell_type": "code",
   "execution_count": 4,
   "metadata": {},
   "outputs": [],
   "source": [
    "all_cit=np.array([\n",
    "             [50.8703300,20.6275200],#Kielce\n",
    "             [50.6826500,21.7489800],#Sandomierz\n",
    "    [50.8520727,19.9667772],#Włoszczowa\n",
    "    [50.6394435,20.3046116],#Jędrzejów\n",
    "    [50.5201929,20.5256241],#Pinczów\n",
    "    [50.46759,20.71919],#Busko-Zdrój\n",
    "    [50.267489,20.4853308],#Kazimierza Wileka\n",
    "    [50.5612276,21.1677849],#Staszów\n",
    "    [50.8017661,21.4238281],#Opatów\n",
    "    [50.9398768,21.38743],#Ostrowiec Świętokrzyski\n",
    "    [51.0518865,21.0761377],#Starachowice\n",
    "    [51.1138821,20.857883],#Skarżysko Kamienna\n",
    "    [51.1910223,20.4071836],#Końskie\n",
    "    [50.0614300,19.9365800],#Kraków\n",
    "    [50.3566016,20.0276912],#Miechów\n",
    "    [50.2788158,19.5596307],#Olkusz\n",
    "    [50.1411926,19.4028502],#Chrzanów\n",
    "    [50.0382443,19.2214053],#Oświęcim\n",
    "    [49.8834484,19.4925345],#Wadowica\n",
    "    [49.834608,19.9384283],#Myślenice\n",
    "    [49.74079,19.5905975],#Sucha Beskidzka\n",
    "    [49.4818229,20.030541],#Nowy targ\n",
    "    [49.2969446,19.950659],#Zakopane\n",
    "    [49.7061713,20.4217266],#Limanowa\n",
    "    [49.6249173,20.691346],#Nowy Sacz\n",
    "#    [49.65829,21.1593832],#Gorlice\n",
    "#    [50.0123784,20.9880739],#Tarnow\n",
    "#    [49.9678396,20.6068496],#Brzesko\n",
    "#    [49.9693563,20.430541],#Bochnia\n",
    "#    [50.1743495,20.9850707],#Dąbrowa tarnowska\n",
    "#    [49.9823773,20.0602114],#Wieliczka\n",
    "#    [50.5653105,22.0644075],#Stalowa Wola\n",
    "#    [50.5715277,21.6704871],#Tarnobrzeg\n",
    "#    [50.5198985,22.139886],#Nisko\n",
    "#    [50.2892506,21.4243685],#Mielec\n",
    "#    [50.2433277,21.7754563],#Kolbuszowa\n",
    "#    [50.2621687,22.418892],#Leżajsk\n",
    "#    [50.1574473,23.1225859],#Lubaczów\n",
    "#    [50.0104958,22.678605],#Jarosław\n",
    "#    [50.0601735,22.4923769],#Przeworsk\n",
    "#    [50.0690725,22.2320924],#Łańcut\n",
    "#    [50.0528608,21.6116324],#Ropczyce\n",
    "#    [50.0514601,21.4104804],#Dębica\n",
    "#    [49.7470465,21.4743139],#Jasło\n",
    "#    [49.870208,21.7856291],#Strzyżów\n",
    "#    [49.6938045,21.7651458],#Krosno\n",
    "    [49.6950395,22.0196537],#Brzozów\n",
    "    [49.5609053,22.207028],#Sanok\n",
    "    [49.7821562,22.7692634],#Przemyśl\n",
    "    [49.4689014,22.3303816],#Lesko\n",
    "    [49.4301874,22.5877003],#Ustrzyki Dolne\n",
    "    [50.0413200,21.9990100]#Rzeszów\n",
    "            \n",
    "])\n",
    "\n",
    "n=len(all_cit)"
   ]
  },
  {
   "cell_type": "code",
   "execution_count": 5,
   "metadata": {},
   "outputs": [
    {
     "data": {
      "text/plain": [
       "31"
      ]
     },
     "execution_count": 5,
     "metadata": {},
     "output_type": "execute_result"
    }
   ],
   "source": [
    "n"
   ]
  },
  {
   "cell_type": "code",
   "execution_count": 6,
   "metadata": {},
   "outputs": [],
   "source": [
    "import math as m"
   ]
  },
  {
   "cell_type": "code",
   "execution_count": 7,
   "metadata": {},
   "outputs": [],
   "source": [
    "\n",
    "def dist(i,j):\n",
    "    R=6400\n",
    "    if i == j:\n",
    "        return 0\n",
    "    else:\n",
    "        return R*np.arccos((m.sin(all_cit[i,1]/180)*m.sin(all_cit[j,1]/180) +\n",
    "               m.cos(all_cit[i,1]/180)*m.cos(all_cit[j,1]/180)*m.cos((all_cit[i,0]/180)-(all_cit[j,0]/180))))"
   ]
  },
  {
   "cell_type": "code",
   "execution_count": 8,
   "metadata": {},
   "outputs": [
    {
     "data": {
      "text/plain": [
       "63.64908168420394"
      ]
     },
     "execution_count": 8,
     "metadata": {},
     "output_type": "execute_result"
    }
   ],
   "source": [
    "dist(1,2)"
   ]
  },
  {
   "cell_type": "code",
   "execution_count": 9,
   "metadata": {},
   "outputs": [
    {
     "data": {
      "text/plain": [
       "array([50.87033, 20.62752])"
      ]
     },
     "execution_count": 9,
     "metadata": {},
     "output_type": "execute_result"
    }
   ],
   "source": [
    "all_cit[0]\n"
   ]
  },
  {
   "cell_type": "code",
   "execution_count": 10,
   "metadata": {},
   "outputs": [],
   "source": [
    "#def all_dist(i,j): # funkcja odległości między wszystkimi miastami\n",
    "    #return np.sqrt((all_cit[i,0]-all_cit[j,0])**2 + (all_cit[i,1]-all_cit[j,1])**2)"
   ]
  },
  {
   "cell_type": "code",
   "execution_count": 11,
   "metadata": {},
   "outputs": [
    {
     "data": {
      "text/plain": [
       "array([[  0.  ,  40.42,  23.5 ,  14.08,  12.89,  14.59,  21.89,  22.09,\n",
       "         28.42,  27.13,  17.19,  11.88,  13.77,  37.69,  28.  ,  43.34,\n",
       "         50.6 ,  58.  ,  53.33,  44.04,  54.33,  53.45,  60.57,  41.77,\n",
       "         44.05,  64.59,  72.74,  85.29,  78.19,  86.27,  56.87],\n",
       "       [ 40.42,   0.  ,  63.65,  51.38,  43.87,  37.39,  47.26,  21.1 ,\n",
       "         12.3 ,  15.74,  27.24,  35.15,  50.97,  68.07,  62.28,  79.14,\n",
       "         85.58,  92.71,  85.05,  71.  ,  83.64,  74.38,  80.52,  58.45,\n",
       "         53.  ,  36.16,  42.81,  48.22,  47.56,  53.31,  24.32],\n",
       "       [ 23.5 ,  63.65,   0.  ,  14.17,  23.07,  30.  ,  27.69,  43.92,\n",
       "         51.84,  50.61,  40.07,  33.01,  19.71,  27.96,  17.64,  24.9 ,\n",
       "         32.14,  39.11,  38.16,  35.97,  41.49,  48.47,  54.96,  43.6 ,\n",
       "         50.43,  83.65,  91.78, 106.56,  97.2 , 105.85,  77.72],\n",
       "       [ 14.08,  51.38,  14.17,   0.  ,   8.92,  15.94,  14.63,  30.81,\n",
       "         40.21,  39.94,  31.06,  25.84,  19.82,  24.26,  14.03,  29.39,\n",
       "         36.58,  43.99,  39.34,  31.28,  40.66,  42.05,  49.08,  33.23,\n",
       "         38.39,  69.5 ,  77.62,  92.71,  83.04,  91.72,  63.84],\n",
       "       [ 12.89,  43.87,  23.07,   8.92,   0.  ,   7.13,   9.04,  22.88,\n",
       "         33.45,  34.04,  27.13,  24.07,  24.07,  26.48,  18.62,  35.39,\n",
       "         42.11,  49.4 ,  43.08,  31.98,  43.17,  40.69,  47.81,  28.99,\n",
       "         32.17,  60.59,  68.71,  83.92,  74.13,  82.8 ,  55.05],\n",
       "       [ 14.59,  37.39,  30.  ,  15.94,   7.13,   0.  ,  10.91,  16.29,\n",
       "         27.69,  29.03,  24.23,  23.35,  27.86,  31.31,  24.9 ,  41.76,\n",
       "         48.2 ,  55.37,  48.25,  35.65,  47.64,  42.57,  49.57,  28.9 ,\n",
       "         29.78,  53.68,  61.83,  76.8 ,  67.27,  75.86,  47.93],\n",
       "       [ 21.89,  47.26,  27.69,  14.63,   9.04,  10.91,   0.  ,  26.39,\n",
       "         38.33,  39.91,  34.77,  32.7 ,  32.74,  20.83,  16.57,  32.92,\n",
       "         38.75,  45.66,  37.82,  24.74,  36.86,  32.12,  39.21,  19.96,\n",
       "         23.85,  58.18,  66.1 ,  82.99,  71.4 ,  80.38,  54.41],\n",
       "       [ 22.09,  21.1 ,  43.92,  30.81,  22.88,  16.29,  26.39,   0.  ,\n",
       "         12.45,  15.48,  17.63,  22.41,  35.02,  47.2 ,  41.18,  58.04,\n",
       "         64.48,  71.63,  64.2 ,  50.69,  63.13,  55.58,  62.19,  40.2 ,\n",
       "         37.15,  43.04,  51.11,  63.23,  56.53,  64.36,  34.79],\n",
       "       [ 28.42,  12.3 ,  51.84,  40.21,  33.45,  27.69,  38.33,  12.45,\n",
       "          0.  ,   5.04,  15.19,  22.94,  38.67,  58.99,  52.07,  68.81,\n",
       "         75.55,  82.82,  75.95,  62.9 ,  75.19,  68.03,  74.62,  52.6 ,\n",
       "         49.04,  44.44,  51.9 ,  59.86,  57.02,  63.68,  33.74],\n",
       "       [ 27.13,  15.74,  50.61,  39.94,  34.04,  29.03,  39.91,  15.48,\n",
       "          5.04,   0.  ,  11.75,  19.81,  35.96,  60.2 ,  52.55,  69.06,\n",
       "         75.99,  83.34,  77.02,  64.64,  76.65,  70.57,  77.31,  55.47,\n",
       "         52.62,  49.36,  56.73,  63.9 ,  61.8 ,  68.26,  38.46],\n",
       "       [ 17.19,  27.24,  40.07,  31.06,  27.13,  24.23,  34.77,  17.63,\n",
       "         15.19,  11.75,   0.  ,   8.06,  24.29,  53.53,  44.64,  60.44,\n",
       "         67.64,  75.04,  69.82,  59.04,  70.25,  66.77,  73.79,  52.92,\n",
       "         52.22,  58.48,  66.23,  75.05,  71.49,  78.51,  48.47],\n",
       "       [ 11.88,  35.15,  33.01,  25.84,  24.07,  23.35,  32.7 ,  22.41,\n",
       "         22.94,  19.81,   8.06,   0.  ,  16.25,  49.55,  39.84,  54.78,\n",
       "         62.11,  69.5 ,  65.17,  55.78,  66.21,  64.73,  71.84,  52.09,\n",
       "         52.92,  64.93,  72.85,  82.63,  78.19,  85.53,  55.5 ],\n",
       "       [ 13.77,  50.97,  19.71,  19.82,  24.07,  27.86,  32.74,  35.02,\n",
       "         38.67,  35.96,  24.29,  16.25,   0.  ,  43.28,  32.42,  44.13,\n",
       "         51.49,  58.63,  56.5 ,  50.74,  58.9 ,  61.86,  68.86,  52.46,\n",
       "         56.24,  77.96,  86.07,  97.61,  91.5 ,  99.37,  69.65],\n",
       "       [ 37.69,  68.07,  27.96,  24.26,  26.48,  31.31,  20.83,  47.2 ,\n",
       "         58.99,  60.2 ,  53.53,  49.55,  43.28,   0.  ,  10.92,  15.45,\n",
       "         19.19,  25.44,  17.  ,   8.02,  16.73,  20.75,  27.02,  21.33,\n",
       "         30.95,  75.19,  82.64, 101.2 ,  87.65,  96.86,  73.33],\n",
       "       [ 28.  ,  62.28,  17.64,  14.03,  18.62,  24.9 ,  16.57,  41.18,\n",
       "         52.07,  52.55,  44.64,  39.84,  32.42,  10.92,   0.  ,  16.87,\n",
       "         23.48,  30.8 ,  25.33,  18.72,  26.74,  30.91,  37.54,  26.91,\n",
       "         35.  ,  74.58,  82.42,  99.57,  87.67,  96.72,  70.97],\n",
       "       [ 43.34,  79.14,  24.9 ,  29.39,  35.39,  41.76,  32.92,  58.04,\n",
       "         68.81,  69.06,  60.44,  54.78,  44.13,  15.45,  16.87,   0.  ,\n",
       "          7.4 ,  14.73,  14.18,  20.68,  19.05,  32.77,  37.38,  36.73,\n",
       "         46.4 ,  89.86,  97.48, 115.46, 102.58, 111.76,  87.14],\n",
       "       [ 50.6 ,  85.58,  32.14,  36.58,  42.11,  48.2 ,  38.75,  64.48,\n",
       "         75.55,  75.99,  67.64,  62.11,  51.49,  19.19,  23.48,   7.4 ,\n",
       "          0.  ,   7.41,   9.65,  21.91,  15.65,  32.27,  35.63,  39.35,\n",
       "         49.31,  94.37, 101.79, 120.36, 106.76, 115.99,  92.38],\n",
       "       [ 58.  ,  92.71,  39.11,  43.99,  49.4 ,  55.37,  45.66,  71.63,\n",
       "         82.82,  83.34,  75.04,  69.5 ,  58.63,  25.44,  30.8 ,  14.73,\n",
       "          7.41,   0.  ,  11.08,  26.49,  16.82,  34.85,  36.86,  44.26,\n",
       "         54.27, 100.23, 107.49, 126.47, 112.36, 121.6 ,  98.76],\n",
       "       [ 53.33,  85.05,  38.16,  39.34,  43.08,  48.25,  37.82,  64.2 ,\n",
       "         75.95,  77.02,  69.82,  65.17,  56.5 ,  17.  ,  25.33,  14.18,\n",
       "          9.65,  11.08,   0.  ,  15.95,   6.13,  23.82,  26.36,  33.63,\n",
       "         43.59,  90.1 ,  97.19, 116.56, 101.96, 111.21,  89.29],\n",
       "       [ 44.04,  71.  ,  35.97,  31.28,  31.98,  35.65,  24.74,  50.69,\n",
       "         62.9 ,  64.64,  59.04,  55.78,  50.74,   8.02,  18.72,  20.68,\n",
       "         21.91,  26.49,  15.95,   0.  ,  12.8 ,  12.89,  19.  ,  17.77,\n",
       "         27.78,  74.16,  81.24, 100.67,  86.02,  95.27,  73.63],\n",
       "       [ 54.33,  83.64,  41.49,  40.66,  43.17,  47.64,  36.86,  63.13,\n",
       "         75.19,  76.65,  70.25,  66.21,  58.9 ,  16.73,  26.74,  19.05,\n",
       "         15.65,  16.82,   6.13,  12.8 ,   0.  ,  18.12,  20.25,  29.58,\n",
       "         39.35,  86.38,  93.25, 113.03,  97.89, 107.13,  86.29],\n",
       "       [ 53.45,  74.38,  48.47,  42.05,  40.69,  42.57,  32.12,  55.58,\n",
       "         68.03,  70.57,  66.77,  64.73,  61.86,  20.75,  30.91,  32.77,\n",
       "         32.27,  34.85,  23.82,  12.89,  18.12,   0.  ,   7.12,  16.01,\n",
       "         24.03,  71.12,  77.44,  97.95,  81.77,  90.94,  72.73],\n",
       "       [ 60.57,  80.52,  54.96,  49.08,  47.81,  49.57,  39.21,  62.19,\n",
       "         74.62,  77.31,  73.79,  71.84,  68.86,  27.02,  37.54,  37.38,\n",
       "         35.63,  36.86,  26.36,  19.  ,  20.25,   7.12,   0.  ,  22.13,\n",
       "         28.77,  74.9 ,  80.77, 101.67,  84.83,  93.88,  77.43],\n",
       "       [ 41.77,  58.45,  43.6 ,  33.23,  28.99,  28.9 ,  19.96,  40.2 ,\n",
       "         52.6 ,  55.47,  52.92,  52.09,  52.46,  21.33,  26.91,  36.73,\n",
       "         39.35,  44.26,  33.63,  17.77,  29.58,  16.01,  22.13,   0.  ,\n",
       "         10.01,  56.82,  63.68,  83.51,  68.38,  77.63,  57.32],\n",
       "       [ 44.05,  53.  ,  50.43,  38.39,  32.17,  29.78,  23.85,  37.15,\n",
       "         49.04,  52.62,  52.22,  52.92,  56.24,  30.95,  35.  ,  46.4 ,\n",
       "         49.31,  54.27,  43.59,  27.78,  39.35,  24.03,  28.77,  10.01,\n",
       "          0.  ,  47.29,  53.94,  74.09,  58.54,  67.78,  48.76],\n",
       "       [ 64.59,  36.16,  83.65,  69.5 ,  60.59,  53.68,  58.18,  43.04,\n",
       "         44.44,  49.36,  58.48,  64.93,  77.96,  75.19,  74.58,  89.86,\n",
       "         94.37, 100.23,  90.1 ,  74.16,  86.38,  71.12,  74.9 ,  56.82,\n",
       "         47.29,   0.  ,   8.17,  26.83,  13.63,  22.25,  12.24],\n",
       "       [ 72.74,  42.81,  91.78,  77.62,  68.71,  61.83,  66.1 ,  51.11,\n",
       "         51.9 ,  56.73,  66.23,  72.85,  86.07,  82.64,  82.42,  97.48,\n",
       "        101.79, 107.49,  97.19,  81.24,  93.25,  77.44,  80.77,  63.68,\n",
       "         53.94,   8.17,   0.  ,  21.46,   5.46,  14.3 ,  18.5 ],\n",
       "       [ 85.29,  48.22, 106.56,  92.71,  83.92,  76.8 ,  82.99,  63.23,\n",
       "         59.86,  63.9 ,  75.05,  82.63,  97.61, 101.2 ,  99.57, 115.46,\n",
       "        120.36, 126.47, 116.56, 100.67, 113.03,  97.95, 101.67,  83.51,\n",
       "         74.09,  26.83,  21.46,   0.  ,  19.12,  13.99,  28.87],\n",
       "       [ 78.19,  47.56,  97.2 ,  83.04,  74.13,  67.27,  71.4 ,  56.53,\n",
       "         57.02,  61.8 ,  71.49,  78.19,  91.5 ,  87.65,  87.67, 102.58,\n",
       "        106.76, 112.36, 101.96,  86.02,  97.89,  81.77,  84.83,  68.38,\n",
       "         58.54,  13.63,   5.46,  19.12,   0.  ,   9.25,  23.38],\n",
       "       [ 86.27,  53.31, 105.85,  91.72,  82.8 ,  75.86,  80.38,  64.36,\n",
       "         63.68,  68.26,  78.51,  85.53,  99.37,  96.86,  96.72, 111.76,\n",
       "        115.99, 121.6 , 111.21,  95.27, 107.13,  90.94,  93.88,  77.63,\n",
       "         67.78,  22.25,  14.3 ,  13.99,   9.25,   0.  ,  30.05],\n",
       "       [ 56.87,  24.32,  77.72,  63.84,  55.05,  47.93,  54.41,  34.79,\n",
       "         33.74,  38.46,  48.47,  55.5 ,  69.65,  73.33,  70.97,  87.14,\n",
       "         92.38,  98.76,  89.29,  73.63,  86.29,  72.73,  77.43,  57.32,\n",
       "         48.76,  12.24,  18.5 ,  28.87,  23.38,  30.05,   0.  ]])"
      ]
     },
     "execution_count": 11,
     "metadata": {},
     "output_type": "execute_result"
    }
   ],
   "source": [
    "dt=[[dist(i,j) for i in range(n)] for j in range(n)]\n",
    "np.round(np.array(dt),2)"
   ]
  },
  {
   "cell_type": "code",
   "execution_count": 12,
   "metadata": {},
   "outputs": [],
   "source": [
    "# konwersja tablicy odległości do słownika (potrzebne dalej dla wołania f. bibliotecznej)\n",
    "dis = {(i, j): dt[i][j] for i in range(n) for j in range(n)}"
   ]
  },
  {
   "cell_type": "code",
   "execution_count": 13,
   "metadata": {
    "scrolled": true
   },
   "outputs": [
    {
     "data": {
      "text/plain": [
       "{(0, 0): 0,\n",
       " (0, 1): 40.421058976689906,\n",
       " (0, 2): 23.50193056631973,\n",
       " (0, 3): 14.083420433339292,\n",
       " (0, 4): 12.887781523036873,\n",
       " (0, 5): 14.593929845232529,\n",
       " (0, 6): 21.8866274210338,\n",
       " (0, 7): 22.09451914982001,\n",
       " (0, 8): 28.416513827479655,\n",
       " (0, 9): 27.130412100144124,\n",
       " (0, 10): 17.191403797175443,\n",
       " (0, 11): 11.87792359362484,\n",
       " (0, 12): 13.773417932751839,\n",
       " (0, 13): 37.686274003712825,\n",
       " (0, 14): 28.004591173113408,\n",
       " (0, 15): 43.34182113380751,\n",
       " (0, 16): 50.5953052003859,\n",
       " (0, 17): 58.00104925123796,\n",
       " (0, 18): 53.33425609959617,\n",
       " (0, 19): 44.0372850770914,\n",
       " (0, 20): 54.33381867761673,\n",
       " (0, 21): 53.44990954403698,\n",
       " (0, 22): 60.573562157529324,\n",
       " (0, 23): 41.7694018480022,\n",
       " (0, 24): 44.04849282146377,\n",
       " (0, 25): 64.5902887509444,\n",
       " (0, 26): 72.739292027866,\n",
       " (0, 27): 85.28923833976403,\n",
       " (0, 28): 78.18901516991782,\n",
       " (0, 29): 86.26566790505987,\n",
       " (0, 30): 56.87386920571542,\n",
       " (1, 0): 40.421058976689906,\n",
       " (1, 1): 0,\n",
       " (1, 2): 63.64908168420394,\n",
       " (1, 3): 51.377980872363516,\n",
       " (1, 4): 43.873734396081936,\n",
       " (1, 5): 37.39385503778203,\n",
       " (1, 6): 47.260888620355615,\n",
       " (1, 7): 21.104628625724487,\n",
       " (1, 8): 12.301878808087931,\n",
       " (1, 9): 15.738648164174862,\n",
       " (1, 10): 27.244279798582077,\n",
       " (1, 11): 35.15187595036443,\n",
       " (1, 12): 50.97395801450634,\n",
       " (1, 13): 68.07336906736498,\n",
       " (1, 14): 62.27519429405264,\n",
       " (1, 15): 79.13961045185397,\n",
       " (1, 16): 85.5824706863883,\n",
       " (1, 17): 92.70752539350266,\n",
       " (1, 18): 85.05075388207347,\n",
       " (1, 19): 71.00138974737989,\n",
       " (1, 20): 83.64294616207881,\n",
       " (1, 21): 74.37549607530123,\n",
       " (1, 22): 80.519581447685,\n",
       " (1, 23): 58.44627644151807,\n",
       " (1, 24): 52.99934088806062,\n",
       " (1, 25): 36.16004973429731,\n",
       " (1, 26): 42.8064672217426,\n",
       " (1, 27): 48.223713203898946,\n",
       " (1, 28): 47.55993741624599,\n",
       " (1, 29): 53.31482048493237,\n",
       " (1, 30): 24.317893156218236,\n",
       " (2, 0): 23.50193056631973,\n",
       " (2, 1): 63.64908168420394,\n",
       " (2, 2): 0,\n",
       " (2, 3): 14.16788903917991,\n",
       " (2, 4): 23.071866724291535,\n",
       " (2, 5): 30.00331946188392,\n",
       " (2, 6): 27.686317353596614,\n",
       " (2, 7): 43.92097672086708,\n",
       " (2, 8): 51.836716958929394,\n",
       " (2, 9): 50.60721796097959,\n",
       " (2, 10): 40.07048710491908,\n",
       " (2, 11): 33.00612590899451,\n",
       " (2, 12): 19.71348325382807,\n",
       " (2, 13): 27.959847727413262,\n",
       " (2, 14): 17.641599125083417,\n",
       " (2, 15): 24.900211112500262,\n",
       " (2, 16): 32.144739314606745,\n",
       " (2, 17): 39.11236663882062,\n",
       " (2, 18): 38.160761958985205,\n",
       " (2, 19): 35.968620827355544,\n",
       " (2, 20): 41.48906886930092,\n",
       " (2, 21): 48.472648654665875,\n",
       " (2, 22): 54.956867764786224,\n",
       " (2, 23): 43.598853912997896,\n",
       " (2, 24): 50.431032895874374,\n",
       " (2, 25): 83.6491989762955,\n",
       " (2, 26): 91.77907364163168,\n",
       " (2, 27): 106.56332900302696,\n",
       " (2, 28): 97.20053594452664,\n",
       " (2, 29): 105.85074860306393,\n",
       " (2, 30): 77.72277733415822,\n",
       " (3, 0): 14.083420433339292,\n",
       " (3, 1): 51.377980872363516,\n",
       " (3, 2): 14.16788903917991,\n",
       " (3, 3): 0,\n",
       " (3, 4): 8.916230592848793,\n",
       " (3, 5): 15.94170131245217,\n",
       " (3, 6): 14.627168354163016,\n",
       " (3, 7): 30.814690057261014,\n",
       " (3, 8): 40.20516957094294,\n",
       " (3, 9): 39.935559144570355,\n",
       " (3, 10): 31.060250727550226,\n",
       " (3, 11): 25.842580593564442,\n",
       " (3, 12): 19.824759735137736,\n",
       " (3, 13): 24.255809288393294,\n",
       " (3, 14): 14.02911115048935,\n",
       " (3, 15): 29.39437133350339,\n",
       " (3, 16): 36.57937649619359,\n",
       " (3, 17): 43.9860538604058,\n",
       " (3, 18): 39.3373767954108,\n",
       " (3, 19): 31.27654898477038,\n",
       " (3, 20): 40.65658839341154,\n",
       " (3, 21): 42.04656693398939,\n",
       " (3, 22): 49.0762406171483,\n",
       " (3, 23): 33.23281035887119,\n",
       " (3, 24): 38.385782569317314,\n",
       " (3, 25): 69.501700007129,\n",
       " (3, 26): 77.6241844876666,\n",
       " (3, 27): 92.7105015291887,\n",
       " (3, 28): 83.04159618428436,\n",
       " (3, 29): 91.71757931224596,\n",
       " (3, 30): 63.83997357831791,\n",
       " (4, 0): 12.887781523036873,\n",
       " (4, 1): 43.873734396081936,\n",
       " (4, 2): 23.071866724291535,\n",
       " (4, 3): 8.916230592848793,\n",
       " (4, 4): 0,\n",
       " (4, 5): 7.12874795065065,\n",
       " (4, 6): 9.04101985554791,\n",
       " (4, 7): 22.878331369693473,\n",
       " (4, 8): 33.44835001445943,\n",
       " (4, 9): 34.03814383772649,\n",
       " (4, 10): 27.125059116693308,\n",
       " (4, 11): 24.06839452811781,\n",
       " (4, 12): 24.0689680872313,\n",
       " (4, 13): 26.483247716957642,\n",
       " (4, 14): 18.623818844341162,\n",
       " (4, 15): 35.389597145703746,\n",
       " (4, 16): 42.10747938918221,\n",
       " (4, 17): 49.40098850488145,\n",
       " (4, 18): 43.07548020151313,\n",
       " (4, 19): 31.97849893479147,\n",
       " (4, 20): 43.17080126151923,\n",
       " (4, 21): 40.69041828724165,\n",
       " (4, 22): 47.80977792268391,\n",
       " (4, 23): 28.992280196901945,\n",
       " (4, 24): 32.16788227473807,\n",
       " (4, 25): 60.58580103530819,\n",
       " (4, 26): 68.71003671009652,\n",
       " (4, 27): 83.91990893878577,\n",
       " (4, 28): 74.12941194224129,\n",
       " (4, 29): 82.80168976092763,\n",
       " (4, 30): 55.04798158385887,\n",
       " (5, 0): 14.593929845232529,\n",
       " (5, 1): 37.39385503778203,\n",
       " (5, 2): 30.00331946188392,\n",
       " (5, 3): 15.94170131245217,\n",
       " (5, 4): 7.12874795065065,\n",
       " (5, 5): 0,\n",
       " (5, 6): 10.91319674972853,\n",
       " (5, 7): 16.289226418377233,\n",
       " (5, 8): 27.693760409226524,\n",
       " (5, 9): 29.02870368280468,\n",
       " (5, 10): 24.22564915488124,\n",
       " (5, 11): 23.352789704041204,\n",
       " (5, 12): 27.858444463947897,\n",
       " (5, 13): 31.308056310175807,\n",
       " (5, 14): 24.89731567706322,\n",
       " (5, 15): 41.76482597162426,\n",
       " (5, 16): 48.2032559336473,\n",
       " (5, 17): 55.37355057548399,\n",
       " (5, 18): 48.25170705232769,\n",
       " (5, 19): 35.647270289345315,\n",
       " (5, 20): 47.64129019575661,\n",
       " (5, 21): 42.57138068486028,\n",
       " (5, 22): 49.56950196759159,\n",
       " (5, 23): 28.900871980200986,\n",
       " (5, 24): 29.780151950446747,\n",
       " (5, 25): 53.683766881783626,\n",
       " (5, 26): 61.830908416431896,\n",
       " (5, 27): 76.80158385847352,\n",
       " (5, 28): 67.26596036853378,\n",
       " (5, 29): 75.85947360246524,\n",
       " (5, 30): 47.928809940052005,\n",
       " (6, 0): 21.8866274210338,\n",
       " (6, 1): 47.260888620355615,\n",
       " (6, 2): 27.686317353596614,\n",
       " (6, 3): 14.627168354163016,\n",
       " (6, 4): 9.04101985554791,\n",
       " (6, 5): 10.91319674972853,\n",
       " (6, 6): 0,\n",
       " (6, 7): 26.389694604263862,\n",
       " (6, 8): 38.33372797691874,\n",
       " (6, 9): 39.907819856745206,\n",
       " (6, 10): 34.76757695776126,\n",
       " (6, 11): 32.69892402039962,\n",
       " (6, 12): 32.743230836890966,\n",
       " (6, 13): 20.825197155080183,\n",
       " (6, 14): 16.57342464549983,\n",
       " (6, 15): 32.916214768378545,\n",
       " (6, 16): 38.74609396515971,\n",
       " (6, 17): 45.66396336847625,\n",
       " (6, 18): 37.81814216230494,\n",
       " (6, 19): 24.739497972073483,\n",
       " (6, 20): 36.85681502245268,\n",
       " (6, 21): 32.12457972010033,\n",
       " (6, 22): 39.20788898171249,\n",
       " (6, 23): 19.957794961800747,\n",
       " (6, 24): 23.850392309810584,\n",
       " (6, 25): 58.177582560893505,\n",
       " (6, 26): 66.10378622612868,\n",
       " (6, 27): 82.99392262662612,\n",
       " (6, 28): 71.40358057851923,\n",
       " (6, 29): 80.38257055807075,\n",
       " (6, 30): 54.40891995246038,\n",
       " (7, 0): 22.09451914982001,\n",
       " (7, 1): 21.104628625724487,\n",
       " (7, 2): 43.92097672086708,\n",
       " (7, 3): 30.814690057261014,\n",
       " (7, 4): 22.878331369693473,\n",
       " (7, 5): 16.289226418377233,\n",
       " (7, 6): 26.389694604263862,\n",
       " (7, 7): 0,\n",
       " (7, 8): 12.450070457208607,\n",
       " (7, 9): 15.483007441315792,\n",
       " (7, 10): 17.62944521110951,\n",
       " (7, 11): 22.41192466770064,\n",
       " (7, 12): 35.016149312084174,\n",
       " (7, 13): 47.202189014875614,\n",
       " (7, 14): 41.176025907438664,\n",
       " (7, 15): 58.042736051488696,\n",
       " (7, 16): 64.48400868375501,\n",
       " (7, 17): 71.62899465384697,\n",
       " (7, 18): 64.19732354110577,\n",
       " (7, 19): 50.68927629964748,\n",
       " (7, 20): 63.12530295740169,\n",
       " (7, 21): 55.576435951836956,\n",
       " (7, 22): 62.18704992952282,\n",
       " (7, 23): 40.19521667631965,\n",
       " (7, 24): 37.15293784556389,\n",
       " (7, 25): 43.038597285340586,\n",
       " (7, 26): 51.1087093095662,\n",
       " (7, 27): 63.231788520478396,\n",
       " (7, 28): 56.52626833703726,\n",
       " (7, 29): 64.36046293871955,\n",
       " (7, 30): 34.78944917213934,\n",
       " (8, 0): 28.416513827479655,\n",
       " (8, 1): 12.301878808087931,\n",
       " (8, 2): 51.836716958929394,\n",
       " (8, 3): 40.20516957094294,\n",
       " (8, 4): 33.44835001445943,\n",
       " (8, 5): 27.693760409226524,\n",
       " (8, 6): 38.33372797691874,\n",
       " (8, 7): 12.450070457208607,\n",
       " (8, 8): 0,\n",
       " (8, 9): 5.044743672901875,\n",
       " (8, 10): 15.192708083872486,\n",
       " (8, 11): 22.942910553016922,\n",
       " (8, 12): 38.67309321492798,\n",
       " (8, 13): 58.99220961553192,\n",
       " (8, 14): 52.07102190069086,\n",
       " (8, 15): 68.80874975540333,\n",
       " (8, 16): 75.55129907702795,\n",
       " (8, 17): 82.82402886984048,\n",
       " (8, 18): 75.94542807580463,\n",
       " (8, 19): 62.89925574257662,\n",
       " (8, 20): 75.18841469438422,\n",
       " (8, 21): 68.0263369336078,\n",
       " (8, 22): 74.62366857373094,\n",
       " (8, 23): 52.598038856238475,\n",
       " (8, 24): 49.04389622891179,\n",
       " (8, 25): 44.438755138833585,\n",
       " (8, 26): 51.899284780203516,\n",
       " (8, 27): 59.85815013594503,\n",
       " (8, 28): 57.02483688615716,\n",
       " (8, 29): 63.68160327446497,\n",
       " (8, 30): 33.744813972759395,\n",
       " (9, 0): 27.130412100144124,\n",
       " (9, 1): 15.738648164174862,\n",
       " (9, 2): 50.60721796097959,\n",
       " (9, 3): 39.935559144570355,\n",
       " (9, 4): 34.03814383772649,\n",
       " (9, 5): 29.02870368280468,\n",
       " (9, 6): 39.907819856745206,\n",
       " (9, 7): 15.483007441315792,\n",
       " (9, 8): 5.044743672901875,\n",
       " (9, 9): 0,\n",
       " (9, 10): 11.753534985737476,\n",
       " (9, 11): 19.805523663204152,\n",
       " (9, 12): 35.96406370361865,\n",
       " (9, 13): 60.19826349425814,\n",
       " (9, 14): 52.552688752449775,\n",
       " (9, 15): 69.05671384736713,\n",
       " (9, 16): 75.9948932026156,\n",
       " (9, 17): 83.34190161064184,\n",
       " (9, 18): 77.01968487191566,\n",
       " (9, 19): 64.64065239705748,\n",
       " (9, 20): 76.65380995035646,\n",
       " (9, 21): 70.56718793362626,\n",
       " (9, 22): 77.31259177777142,\n",
       " (9, 23): 55.473184218298286,\n",
       " (9, 24): 52.619013715283245,\n",
       " (9, 25): 49.35573435372089,\n",
       " (9, 26): 56.72811684205878,\n",
       " (9, 27): 63.89828687949633,\n",
       " (9, 28): 61.80091461069848,\n",
       " (9, 29): 68.26261594371802,\n",
       " (9, 30): 38.45531933003761,\n",
       " (10, 0): 17.191403797175443,\n",
       " (10, 1): 27.244279798582077,\n",
       " (10, 2): 40.07048710491908,\n",
       " (10, 3): 31.060250727550226,\n",
       " (10, 4): 27.125059116693308,\n",
       " (10, 5): 24.22564915488124,\n",
       " (10, 6): 34.76757695776126,\n",
       " (10, 7): 17.62944521110951,\n",
       " (10, 8): 15.192708083872486,\n",
       " (10, 9): 11.753534985737476,\n",
       " (10, 10): 0,\n",
       " (10, 11): 8.06309177660513,\n",
       " (10, 12): 24.287396476587432,\n",
       " (10, 13): 53.53343487586958,\n",
       " (10, 14): 44.64148302459498,\n",
       " (10, 15): 60.442831660074006,\n",
       " (10, 16): 67.63790692603816,\n",
       " (10, 17): 75.04389684842488,\n",
       " (10, 18): 69.81732659437094,\n",
       " (10, 19): 59.037153471778566,\n",
       " (10, 20): 70.25215897452232,\n",
       " (10, 21): 66.7684076035572,\n",
       " (10, 22): 73.7868677347,\n",
       " (10, 23): 52.919811430960486,\n",
       " (10, 24): 52.21969887389212,\n",
       " (10, 25): 58.477750121823554,\n",
       " (10, 26): 66.23218151197523,\n",
       " (10, 27): 75.04733091299924,\n",
       " (10, 28): 71.48970483401092,\n",
       " (10, 29): 78.51431820214977,\n",
       " (10, 30): 48.470245618879915,\n",
       " (11, 0): 11.87792359362484,\n",
       " (11, 1): 35.15187595036443,\n",
       " (11, 2): 33.00612590899451,\n",
       " (11, 3): 25.842580593564442,\n",
       " (11, 4): 24.06839452811781,\n",
       " (11, 5): 23.352789704041204,\n",
       " (11, 6): 32.69892402039962,\n",
       " (11, 7): 22.41192466770064,\n",
       " (11, 8): 22.942910553016922,\n",
       " (11, 9): 19.805523663204152,\n",
       " (11, 10): 8.06309177660513,\n",
       " (11, 11): 0,\n",
       " (11, 12): 16.254867407417944,\n",
       " (11, 13): 49.55237270393294,\n",
       " (11, 14): 39.83691779659492,\n",
       " (11, 15): 54.7837015432052,\n",
       " (11, 16): 62.10992716219671,\n",
       " (11, 17): 69.4996640926909,\n",
       " (11, 18): 65.16660934196342,\n",
       " (11, 19): 55.778140491352566,\n",
       " (11, 20): 66.21056564749917,\n",
       " (11, 21): 64.72569640367905,\n",
       " (11, 22): 71.83692258844093,\n",
       " (11, 23): 52.08542848697808,\n",
       " (11, 24): 52.921067596975405,\n",
       " (11, 25): 64.92560538237183,\n",
       " (11, 26): 72.84611868612629,\n",
       " (11, 27): 82.63078261014849,\n",
       " (11, 28): 78.1853621290377,\n",
       " (11, 29): 85.52560614835987,\n",
       " (11, 30): 55.497764929233426,\n",
       " (12, 0): 13.773417932751839,\n",
       " (12, 1): 50.97395801450634,\n",
       " (12, 2): 19.71348325382807,\n",
       " (12, 3): 19.824759735137736,\n",
       " (12, 4): 24.0689680872313,\n",
       " (12, 5): 27.858444463947897,\n",
       " (12, 6): 32.743230836890966,\n",
       " (12, 7): 35.016149312084174,\n",
       " (12, 8): 38.67309321492798,\n",
       " (12, 9): 35.96406370361865,\n",
       " (12, 10): 24.287396476587432,\n",
       " (12, 11): 16.254867407417944,\n",
       " (12, 12): 0,\n",
       " (12, 13): 43.27693834331093,\n",
       " (12, 14): 32.42240292707403,\n",
       " (12, 15): 44.12688013134215,\n",
       " (12, 16): 51.49301459904218,\n",
       " (12, 17): 58.62812875047232,\n",
       " (12, 18): 56.503272650094736,\n",
       " (12, 19): 50.7408818292998,\n",
       " (12, 20): 58.89922578882906,\n",
       " (12, 21): 61.85558786329788,\n",
       " (12, 22): 68.86262763565924,\n",
       " (12, 23): 52.45807265005434,\n",
       " (12, 24): 56.23631240934945,\n",
       " (12, 25): 77.95565874196355,\n",
       " (12, 26): 86.06822608741905,\n",
       " (12, 27): 97.60553982072665,\n",
       " (12, 28): 91.50124593079055,\n",
       " (12, 29): 99.37213807136614,\n",
       " (12, 30): 69.65134017233511,\n",
       " (13, 0): 37.686274003712825,\n",
       " (13, 1): 68.07336906736498,\n",
       " (13, 2): 27.959847727413262,\n",
       " (13, 3): 24.255809288393294,\n",
       " (13, 4): 26.483247716957642,\n",
       " (13, 5): 31.308056310175807,\n",
       " (13, 6): 20.825197155080183,\n",
       " (13, 7): 47.202189014875614,\n",
       " (13, 8): 58.99220961553192,\n",
       " (13, 9): 60.19826349425814,\n",
       " (13, 10): 53.53343487586958,\n",
       " (13, 11): 49.55237270393294,\n",
       " (13, 12): 43.27693834331093,\n",
       " (13, 13): 0,\n",
       " (13, 14): 10.92187805043775,\n",
       " (13, 15): 15.448502654304926,\n",
       " (13, 16): 19.185307879088437,\n",
       " (13, 17): 25.44163590673991,\n",
       " (13, 18): 16.995234226465087,\n",
       " (13, 19): 8.015630204327639,\n",
       " (13, 20): 16.725456153333333,\n",
       " (13, 21): 20.75206285734134,\n",
       " (13, 22): 27.019667364384787,\n",
       " (13, 23): 21.33322519293854,\n",
       " (13, 24): 30.95168247001891,\n",
       " (13, 25): 75.18651930781208,\n",
       " (13, 26): 82.6392350551115,\n",
       " (13, 27): 101.19910029834844,\n",
       " (13, 28): 87.64681321123999,\n",
       " (13, 29): 96.86109048152763,\n",
       " (13, 30): 73.3342831958185,\n",
       " (14, 0): 28.004591173113408,\n",
       " (14, 1): 62.27519429405264,\n",
       " (14, 2): 17.641599125083417,\n",
       " (14, 3): 14.02911115048935,\n",
       " (14, 4): 18.623818844341162,\n",
       " (14, 5): 24.89731567706322,\n",
       " (14, 6): 16.57342464549983,\n",
       " (14, 7): 41.176025907438664,\n",
       " (14, 8): 52.07102190069086,\n",
       " (14, 9): 52.552688752449775,\n",
       " (14, 10): 44.64148302459498,\n",
       " (14, 11): 39.83691779659492,\n",
       " (14, 12): 32.42240292707403,\n",
       " (14, 13): 10.92187805043775,\n",
       " (14, 14): 0,\n",
       " (14, 15): 16.867669009293977,\n",
       " (14, 16): 23.484783030417546,\n",
       " (14, 17): 30.797109006937234,\n",
       " (14, 18): 25.331413827736206,\n",
       " (14, 19): 18.71657170372657,\n",
       " (14, 20): 26.74241796263529,\n",
       " (14, 21): 30.91105221460696,\n",
       " (14, 22): 37.54464749635595,\n",
       " (14, 23): 26.91451633116847,\n",
       " (14, 24): 34.99972607610896,\n",
       " (14, 25): 74.57883496496969,\n",
       " (14, 26): 82.42418311678415,\n",
       " (14, 27): 99.56544359490596,\n",
       " (14, 28): 87.66823769637713,\n",
       " (14, 29): 96.72094434118267,\n",
       " (14, 30): 70.97008880324988,\n",
       " (15, 0): 43.34182113380751,\n",
       " (15, 1): 79.13961045185397,\n",
       " (15, 2): 24.900211112500262,\n",
       " (15, 3): 29.39437133350339,\n",
       " (15, 4): 35.389597145703746,\n",
       " (15, 5): 41.76482597162426,\n",
       " (15, 6): 32.916214768378545,\n",
       " (15, 7): 58.042736051488696,\n",
       " (15, 8): 68.80874975540333,\n",
       " (15, 9): 69.05671384736713,\n",
       " (15, 10): 60.442831660074006,\n",
       " (15, 11): 54.7837015432052,\n",
       " (15, 12): 44.12688013134215,\n",
       " (15, 13): 15.448502654304926,\n",
       " (15, 14): 16.867669009293977,\n",
       " (15, 15): 0,\n",
       " (15, 16): 7.39857014145286,\n",
       " (15, 17): 14.728844428522855,\n",
       " (15, 18): 14.177040979936063,\n",
       " (15, 19): 20.68472762638679,\n",
       " (15, 20): 19.04864391711833,\n",
       " (15, 21): 32.76715299262774,\n",
       " (15, 22): 37.382534385550834,\n",
       " (15, 23): 36.729119101371005,\n",
       " (15, 24): 46.4001811789909,\n",
       " (15, 25): 89.8646991504599,\n",
       " (15, 26): 97.48443819227083,\n",
       " (15, 27): 115.45985257453407,\n",
       " (15, 28): 102.58358186273864,\n",
       " (15, 29): 111.75723677744172,\n",
       " (15, 30): 87.13814653225424,\n",
       " (16, 0): 50.5953052003859,\n",
       " (16, 1): 85.5824706863883,\n",
       " (16, 2): 32.144739314606745,\n",
       " (16, 3): 36.57937649619359,\n",
       " (16, 4): 42.10747938918221,\n",
       " (16, 5): 48.2032559336473,\n",
       " (16, 6): 38.74609396515971,\n",
       " (16, 7): 64.48400868375501,\n",
       " (16, 8): 75.55129907702795,\n",
       " (16, 9): 75.9948932026156,\n",
       " (16, 10): 67.63790692603816,\n",
       " (16, 11): 62.10992716219671,\n",
       " (16, 12): 51.49301459904218,\n",
       " (16, 13): 19.185307879088437,\n",
       " (16, 14): 23.484783030417546,\n",
       " (16, 15): 7.39857014145286,\n",
       " (16, 16): 0,\n",
       " (16, 17): 7.407091210811072,\n",
       " (16, 18): 9.652719798636964,\n",
       " (16, 19): 21.909836832722956,\n",
       " (16, 20): 15.648391094963038,\n",
       " (16, 21): 32.26689666266252,\n",
       " (16, 22): 35.63307389278552,\n",
       " (16, 23): 39.35352222764716,\n",
       " (16, 24): 49.31169677496434,\n",
       " (16, 25): 94.36692166633233,\n",
       " (16, 26): 101.78867471491108,\n",
       " (16, 27): 120.36424827029109,\n",
       " (16, 28): 106.76356186794087,\n",
       " (16, 29): 115.9892765797363,\n",
       " (16, 30): 92.37528162444237,\n",
       " (17, 0): 58.00104925123796,\n",
       " (17, 1): 92.70752539350266,\n",
       " (17, 2): 39.11236663882062,\n",
       " (17, 3): 43.9860538604058,\n",
       " (17, 4): 49.40098850488145,\n",
       " (17, 5): 55.37355057548399,\n",
       " (17, 6): 45.66396336847625,\n",
       " (17, 7): 71.62899465384697,\n",
       " (17, 8): 82.82402886984048,\n",
       " (17, 9): 83.34190161064184,\n",
       " (17, 10): 75.04389684842488,\n",
       " (17, 11): 69.4996640926909,\n",
       " (17, 12): 58.62812875047232,\n",
       " (17, 13): 25.44163590673991,\n",
       " (17, 14): 30.797109006937234,\n",
       " (17, 15): 14.728844428522855,\n",
       " (17, 16): 7.407091210811072,\n",
       " (17, 17): 0,\n",
       " (17, 18): 11.08494086703202,\n",
       " (17, 19): 26.49070082432233,\n",
       " (17, 20): 16.81884795719538,\n",
       " (17, 21): 34.848774820745135,\n",
       " (17, 22): 36.86229387569528,\n",
       " (17, 23): 44.26218948086647,\n",
       " (17, 24): 54.267056747598275,\n",
       " (17, 25): 100.22910016575834,\n",
       " (17, 26): 107.48595505092729,\n",
       " (17, 27): 126.46980581249994,\n",
       " (17, 28): 112.35542866353934,\n",
       " (17, 29): 121.60155784866153,\n",
       " (17, 30): 98.75933797795132,\n",
       " (18, 0): 53.33425609959617,\n",
       " (18, 1): 85.05075388207347,\n",
       " (18, 2): 38.160761958985205,\n",
       " (18, 3): 39.3373767954108,\n",
       " (18, 4): 43.07548020151313,\n",
       " (18, 5): 48.25170705232769,\n",
       " (18, 6): 37.81814216230494,\n",
       " (18, 7): 64.19732354110577,\n",
       " (18, 8): 75.94542807580463,\n",
       " (18, 9): 77.01968487191566,\n",
       " (18, 10): 69.81732659437094,\n",
       " (18, 11): 65.16660934196342,\n",
       " (18, 12): 56.503272650094736,\n",
       " (18, 13): 16.995234226465087,\n",
       " (18, 14): 25.331413827736206,\n",
       " (18, 15): 14.177040979936063,\n",
       " (18, 16): 9.652719798636964,\n",
       " (18, 17): 11.08494086703202,\n",
       " (18, 18): 0,\n",
       " (18, 19): 15.947693713322996,\n",
       " (18, 20): 6.130508394906933,\n",
       " (18, 21): 23.82003359012171,\n",
       " (18, 22): 26.362753563001796,\n",
       " (18, 23): 33.626614917894265,\n",
